6.533435714791092
6.085058312807599
5.629160624915025
4.944345356540934
4.049771458882007
3.098459342066273
2.1888636937000268
1.4162137720592924
0.8590582527918921
0.5077417131552521
0.30137964008759865
0.18265910396697865
0.11383236553734373
0.07307736488698241
0.04829767255270023
0.032807939038421906
0.02285960486968738
0.016304357254766845
0.011880435732847661
0.008828097881721373
0.006678679507767065
0.005136345646680403
0.004010270901762919
0.0031748482890261074
0.002545823554228914
0.0020656775722528273
0.001694493569025894
0.0014041433821781765
0.0011745208745135849
0.0009910609889696976
0.0008430800545695015
0.0007226491733163732
0.0006238189009618645
0.0005420787464436224
0.00047397575630065645
0.0004168422518037711
0.00036859936206758983
0.00032761379042716744
0.00029259237145997996
0.0002625037303773848
0.0002365195681716436
0.00021397028948883827
0.00019431120421523494
0.00017709658922345056
0.00016195963954182733
0.00014859686575807124
