1.091117412863051
1.0390237022073254
1.009422934924243
0.9734036950860643
0.903165324209301
0.7730502107707687
0.587329527999748
0.39442792294756723
0.24290875680742838
0.144050186943234
0.08528283529410352
0.05140866798995356
0.031825732021624115
0.020288820210099194
0.013317190519492199
0.008987731509885894
0.006225450077356408
0.004417023339804138
0.003204098443406563
0.0023720900845658364
0.001789370409103898
0.0013733169529666826
0.0010709275902483159
0.0008475008425491326
0.0006798794879191808
0.0005523323814566984
0.00045399385983825
0.00037724140888724866
0.0003166494340210876
0.0002683032240890609
0.00022934200002846418
0.00019765003225116014
0.00017164492988678025
0.00015013062274928983
0.0001321940009373303
0.00011713139661357477
0.00010439571315494086
9.355800478532382e-05
8.427928024645968e-05
7.628961520785864e-05
6.937254081892378e-05
6.335327671054102e-05
5.808979017300155e-05
5.346595054909838e-05
4.938624948072589e-05
4.5771700407483435e-05
