-0.12634472326174176
-0.11401402183221329
-0.10296602346744846
-0.09339391239659539
-0.08516479922619433
-0.07804201292439684
-0.07200438842740663
-0.06781345341834141
-0.07680823299271818
-0.13885115430075937
-0.24008239628924205
-0.2783558369843314
-0.26428597372832013
-0.23183893611173595
-0.1973326914316297
-0.165427601868989
-0.1374460724978309
-0.11359365086274344
-0.09362151051792816
-0.0770936081276983
-0.0635186288917508
-0.05241854877139843
-0.04336169997322184
-0.03597521311530084
-0.02994599846236937
-0.025015973444367373
-0.02097493504710261
-0.017652963624186137
-0.014913306094993799
-0.012646138530921388
-0.010763309501561354
-0.009194016879348092
-0.00788130738002104
-0.006779270279926549
-0.005850801376873016
-0.0050658274996425515
-0.0043998989579557436
-0.0038330739560751
-0.0033490337557359664
-0.0029343798373603954
-0.0025780745189200116
-0.0022709946993549213
-0.0020055749108970353
-0.001775520999655748
-0.0015755797800660136
-0.0014013531569863418
