-0.3535444433308026
-0.35353622379892435
-0.35352849087550486
-0.3535216539916787
-0.3535165943978851
-0.35351522769574184
-0.3535217188942622
-0.3535450015391066
-0.3536034831266062
-0.35373155106666243
-0.35397986679478904
-0.3543844847604066
-0.3548958150433144
-0.35537065054321904
-0.3557005302501809
-0.35588542350019825
-0.35597592893503976
-0.35601650297233856
-0.3560332654190299
-0.35603932893359624
-0.3560408504669628
-0.35604064382115796
-0.3560399854427869
-0.35603945717211316
-0.3560393284432791
-0.35603972755928504
-0.35604071807747767
-0.35604233280224395
-0.3560445888773629
-0.35604749445376965
-0.3560510516052504
-0.35605525758146817
-0.35606010533672505
-0.3560655837583771
-0.3560716777875811
-0.35607836852040026
-0.3560856333290432
-0.35609344602045706
-0.3561017770383239
-0.3561105937087462
-0.3561198605266708
