-0.0026803048235424813
-0.002863166996744099
-0.0033931842093844625
-0.004080362518660341
-0.004696729736443618
-0.0051727443472735024
-0.005611554547766022
-0.006238672077841387
-0.0072010621497353156
-0.00853244692414911
-0.010397592231894365
-0.013043212684733773
-0.015376724162348672
-0.016480469557822466
-0.01632912893959444
-0.015262318156606681
-0.013696570284700511
-0.011962578948643327
-0.010263727761343492
-0.008705384834756165
-0.007332105122733877
-0.006153021924709957
-0.005157691018433109
-0.004326251496447081
-0.0036357626008069717
-0.0030637838494705005
-0.002590097572998061
-0.002197312297202077
-0.0018708687755215575
-0.0015987716803901083
-0.0013712265697283735
-0.001180272311467015
-0.0010194485805517066
-0.0008835116249656761
-0.0007681988055921956
