-0.35358333356857935
-0.35361636400211893
-0.35365612592966134
-0.35370356191986363
-0.35375963757894774
-0.35382528302813665
-0.3539013083807868
-0.35398829210055655
-0.35408644749637735
-0.3541954826598
-0.3543144813271578
-0.3544418416591369
-0.35457530916191604
-0.3547121225586518
-0.35484925898216124
-0.3549837304708766
-0.35511286563435707
-0.3552345185505049
-0.35534717542460126
-0.3554499618512472
-0.3555425755607312
-0.3556251769154859
-0.3556982657893445
-0.3557625648920201
-0.355818920717336
-0.3558682263285906
-0.3559113656511024
-0.35594917648260477
-0.35598242846478906
-0.35601181221989114
-0.3560379363070501
-0.3560613292972036
-0.35608244492399765
-0.3561016688501817
-0.3561193260593609
-0.35613568823990355
-0.35615098078485585
-0.3561653892088062
-0.3561790648988927
-0.35619213018977125
-0.35620468279455497
